213409924	213409935,213511992,213464091
213409935	213409924
213409942	213409954
213409954	213409942,213463244
213410388	213454690,819447164,213460172
213410402	213451340,213410421,213435964,213502458
213410421	213410439,213410402,213503260
213410439	213410448,213410421,213410468
213410448	213410468,213410439,213562626
213410468	213410448,213410439
213410869	213410917,213433310,213448264
213410917	213410959,213410869,213467197,213448229
213410959	213410917,213481967,213452409
213411373	213411399,213528431,213488101
213411399	213411399,213411373
213413158	213420677
213413292	213428100
213413744	213413745,213464578,213470747
213413745	213413744
213417743	213426727,213417779,213540503
213417779	213417743
213418913	213455047,5092044791,213516833
213419628	1300370306
213419956	213459863,213460113
213420677	213413158,213467710
213421003	213518875,5482872957,213482185
213425147	213489030,213425165
213425165	213425147,213489027
213425169	213425171,213425174,213463304
213425171	213425169
213425174	213425176,213425169,213463427
213425176	213425174
213425884	213425892,213468072,213443650
213425892	213425884
213426727	213417743,213426745,213525619
213426745	213426727
213427118	213464193,213432136,1236778545
213427654	213427669
213427669	213427654,213427683
213427674	213427683
213427683	213427674,213427669,213468213
213428100	213428105
213428105	8805442383,213519467,213428100
213428252	213428257,213482840,213482829
213428257	213428252,213484982,213482829
213431753	213468202,213431774
213431774	213431753,213468213
213432136	213432154,213427118,1319459475
213432154	213432136
213432224	213432248,213454748,213454738
213432248	213432249,213432224,11229742063
213432249	213432248
213432562	213450218,213443724
213433310	213433351,213467183,213492840,213448302,213410869
213433351	213433382,213433310,837158246,213482049
213433382	213433435,213433351,213441419,213441399
213433435	213441474,213433382,213448409
213433803	213433805,213433803,213464808
213433805	213433803,213496564,213535517
213433976	213434016
213434008	213447572,213434016,213460113
213434016	213433976,213434176,213434008
213434176	213434016
213435839	213508098,5423555291,213535522
213435850	213435851,213469826,5423555291
213435851	213435850,5423379465
213435893	213523248,213437435
213435964	213435972,213502458,213410402
213435972	213435964
213436277	213436285
213436285	213502604,213436277,213448477
213436698	1319459475,213436703,213533315
213436703	213436718,213436698,213518875
213436718	213513968,213455047,213436703
213437402	213437404,12310597302,213512909,213464091
213437404	213437402,213437430
213437430	213437435,213437404,9471400882
213437435	213523248,213435893,213437430,213507991
213437593	213437654,213464020,213502550
213437654	213437593
213437797	213483688,1045328996,213437814
213437814	213437814,213437797
213439215	213439230
213439230	213552201,213439215,213460274
213439372	213439418,213467250,213473823
213439418	213439372,213473861,213494780
213439581	213439581,213439699
213439699	213439581,213496166,213463834,213453065
213440029	213507036
213440382	213440400,213453086,213453065
213440400	213522894,213440382,213453086
213440879	213440884,213441364,213450430
213440884	213440879,213440884
213440995	213539753,213441018,213448491
213441018	213440995,213450064,213457960
213441336	213441364,2108342479
213441364	213441373,213441336,213440879
213441373	213441364,213512996,213441381
213441381	213492795,8796625904,213441373
213441396	213441399,213485629,8796625904
213441399	213441396,213481170,213433382
213441419	213469546,213441459,213433382
213441459	213469579,213441474,213441419
213441474	213433435,213448390,213441459
213442475	213442477
213442477	213442475,213489160
213443023	213457945,213474348
213443650	213443663,213425884
213443663	213443650,213443669,1010920879,213561231
213443669	213443663,3226665003,213508010
213443682	213443687,3226665003,213504453
213443687	213443682,213504453,213443695,1300370270
213443695	5408203403,1045328610,213443700,213443687
213443700	1045328301,213443695,213443721
213443721	213467870,213443700,213443724
213443724	213432562,213443721
213444425	213444455,213518231,213518192
213444455	213444425,213451315,213518192
213447472	213447564,1300370316,5787912370
213447564	213447472,213447572
213447572	213434008,213447564
213447726	213448314,213447758,213448302
213447758	213447782,213447726,213482071,213448314
213447782	213447816,213447758,213448339,213482074
213447816	213447782,213448373,213469584
213448154	213473820,213448339,213448314,213503264
213448229	213410917,213532081,213448264
213448264	213489310,213410869,213448229
213448302	213494726,213447726,213433310
213448314	213447726,213448154,213447758
213448339	213448373,213448154,213447782,213473823
213448373	213448390,213448339,213447816
213448390	213448373,213441474,213522772
213448409	213448412,213433435,213449698
213448412	213448409,213448460
213448460	213518192,213464033,213448412,213448467
213448467	213464029,213448460,213448475
213448475	213519777,213448467,213448477
213448477	213464020,213448475,213436285,213448486
213448486	213456441,213448477,213448490
213448490	213551978,213448491,213448486
213448491	213440995,213448504,213448490
213448504	213448491
213448624	3281285789
213449576	213449627,213487471,213487509
213449627	213449576,213449630
213449630	213467710,213449627,213449675
213449675	213554396,213449698,213449630
213449698	213449675,213448412
213450064	213450068,213441018,213539753
213450068	213450070,213450064,213500416
213450070	213450068,213455191,213455185
213450100	213450100,5099726229
213450117	213450218,213483664,213483452
213450218	213450117,213432562
213450231	213450245,213483536
213450245	213450231,213450245
213450430	213440879,213482128,213482371,213482023
213450709	213450714,213482128
213450714	213450709
213451315	213451317,213518231,213444455
213451317	213451321,213451315,213451340
213451321	213451317,213505263,213502621
213451340	213410402,213451317,213505263
213452229	213473403,213504487
213452335	213452370,213468188
213452370	213452409,213452335,213474064
213452409	213452370,213410959,213501171
213452938	213452983,213518231
213452983	213452938,213502613
213453065	213470308,213440382,213439699
213453086	213453088,213440382,213440400
213453088	213453086
213454357	213454360,213454380,213458258
213454360	213454380,213454357,213454363
213454363	213454360,213458260,213454380
213454380	213454360,213454363,213454357
213454690	213410388,213454697,819447164
213454697	213487362,213454725,213454690
213454725	213496822,213454738,213454697
213454738	213432224,213454725,11229742063
213454748	213517161,213454760,213432224
213454760	213517172,213454748
213455047	213418913,213436718
213455169	213455185
213455185	213450070,213455169,213457960
213455191	213450070,213500416,213458835
213456390	213535033,213456405,1752640234
213456405	213456408,213456390,213508672,10633061420
213456408	213456405,213520497,213511992
213456441	213470027,213448486,213456451
213456451	213456441
213457945	213443023
213457960	213457969,213441018,213455185
213457969	213457960
213458258	213458260,213458867,213454357
213458260	213458258,213454363,213458835
213458835	213458867,213458260,213455191
213458867	213470027,213458258,213458835
213459863	1300370316,213545182
213460055	213419956
213460113	213460159,213419956,213434008
213460159	213558866,213460172,213460113
213460172	213507379,213410388,213460159
213460274	213506689,213439230,819447164
213463060	213488101
213463244	213463304,213409954,1300370270
213463304	213425169,213463244,10232014255
213463427	213506689,213425174
213463825	213463834
213463834	213463825,213478648,213439699
213464020	213464029,213448477,213437593
213464029	213464033,213464020,213448467
213464033	213464041,213464029,213448460,213518184
213464041	213464033
213464049	213464082,213496669,213542751
213464082	213464049,213508098,213464091
213464091	213409924,213464082,213437402
213464193	12310597302,213427118
213464578	213413744,5483045343,213470766,213517172
213464609	5483045343,213473689,213540503
213464808	213464819,213433803,213508098
213464819	213464808
213466723	213494552,213489024
213467183	213467197,213433310,213468869
213467197	213467183,213468853,213410917
213467250	213473861,213439372
213467710	213449630,213420677
213467860	213443724,213467870
213467870	213483721
213468072	213425884
213468188	12522698535,213452335
213468202	213431753,12522698535,213481967
213468213	213427683,213431774
213468801	213468812,213468869,213494726
213468812	213468853,213468801,213468869
213468853	213468812,213530686,213467197
213468869	213468812,213467183,213468801
213468878	213468912,213525631,213506888
213468912	213468878,213507036,213507091
213469227	213469268,213504487,213485036
213469268	213469227,213532617,213485036,213501043
213469546	213441419,837158246,213469579
213469579	213441459,213482071,213469584,213469546
213469584	213447816,213482074,213469579
213469826	213435850,213535522,5423379467
213470027	213456441,213458867,10174588138,213540760
213470308	213453065,12256928942,213478606
213470593	213470747,213489030,213496822
213470747	213413744,213470593,213500818
213470766	213464578,213472895
213472459	213472558,213528431,213507091,1043155196
213472558	213472459,213550443,213502266
213472895	213470766
213473403	213473442,213504453,213452229,213500138
213473442	213473500,213473403,213512516
213473500	213473442
213473689	213473697,213464609
213473697	213473689,213473705,1046346819,6208113031
213473705	213473705,213473697
213473820	213473823,213448154,213503264
213473823	213439372,213473820,213448339
213473861	213473875,213467250,213439418
213473875	213473861,213505087,213505023
213474064	213452370
213474348	213474458,213478679,213443023
213474458	213474552,213474486,213474348
213474486	213474458,213542751
213474552	213474458
213478606	3281285789,213470308
213478648	213501043,213478679,213463834
213478679	213504472,213474348,213478648
213480664	213508010
213481170	213536598,213481187,213441399
213481187	213481170
213481574	213481597,213535033,213542751
213481597	213481574
213481967	213530712,213410959,213468202
213482023	213482049,213507449,213450430
213482049	213433351,213482023,213492840,213485629
213482071	213482074,213469579,213447758,837158246
213482074	213482071,213469584,213447782
213482128	213450430,213450709,213482371
213482163	213482174,213482829,213484956
213482174	213482163,213482333,213482185
213482185	213482174,213513769,213421003,213487370
213482333	213482174,213482840
213482371	213489231,213450430,213494904,213482128
213482829	213428252,213428257,213482163
213482840	213428252,213482333,213487526
213483452	5954567445,5099726229,213450117
213483536	5954567443,5954567447
213483664	3281285789,3281285752,213450117
213483688	3572200196,213483721,213437797
213483721	213483688,213450231
213484943	1319459475,213519449,213484956,213533315
213484956	213519467,213482163,213533315,213484943
213484982	213487509,213428257,213487526
213485036	213485070,213469227,213469268
213485070	213485036
213485629	213441396,213482049,213492795
213485895	213502539,213485925,213487471
213485925	213485895
213486982	213486991,213524377,213507645
213486991	213486982
213487362	213454697
213487370	213487471,213482185
213487471	213449576,213487370,213485895
213487509	213487526,213449576,213484982
213487526	213487509,213482840,213484982
213488101	213488137,213411373,213463060
213488137	213488101
213489024	213489027,213466723
213489027	213425165,213489024,213541837
213489030	213425147,213470593,213499952
213489160	213489231,213501166,213442477
213489231	213489310,213489160,213501166,213482371
213489310	213489231,213448264,213494904
213492795	213485629,213441381,213507455
213492840	213482049,213433310,213494904
213494552	213466723,213494562,213525619
213494562	213499952,213494552,213536014
213494726	213494740,213448302,213468801
213494740	213494745,213494726,213503264
213494745	213494774,213494740,213561146
213494774	213494780,213494745,213505023
213494780	213439418,213494774,213505023
213494904	213489310,213492840,213482371
213496166	213439699
213496564	213496669,213433805,213496578
213496578	213496609,213496669
213496609	213496631,213496578,213548952,213548868
213496631	213496609,213496631
213496669	213496564,213464049
213496822	213496843,213454725,213470593
213496843	213497073,213496822,213507407
213497073	213496843,213503353
213498711	213498728,213504472,213522581
213498728	213498711
213499952	213494562,213489030
213500138	213500138,213473403
213500416	213450068,213455191,213539753
213500818	213470747
213501039	213501043,213504487,213504472
213501043	213501039,213478648,213469268
213501166	213501169,213489160,213532069,213489231
213501169	213532069,213501171,213501166,213515670
213501171	213452409,213501169,213513071
213502231	213502266,213507473,213507091
213502266	213502272,213502231,213472558
213502272	213502275,213502266,213531723
213502275	213502272,213502294,213546776
213502294	213502275,213507498
213502458	213410402,213507120,213435964
213502539	213534540,213485895,213502550
213502550	213512136,213437593,213502539
213502604	213436285,213511823,213502613
213502613	213452983,213502604,213502621
213502621	213502613,213451321
213503260	213410421
213503264	213473820,213494740,213448154
213503353	213497073
213504453	213443682,213443687,213473403
213504472	213501039,213478679,213498711
213504487	213452229,213501039,213469227
213505023	213473875,213494774,213530686,213494780
213505087	213473875,213530686,213530712
213505263	213505283,213451340,213451321
213505283	213505263
213506689	213460274,213463427
213506888	213506917,213528431,213468878
213506917	213506888
213507036	213525631,213468912,213440029
213507091	213502231,213472459,213468912
213507120	4873078885,213502458,213522772
213507310	213507318,213512175,213507498
213507318	213507310
213507379	213507407,213460172,213509798
213507407	213496843,213507379,213509798
213507449	213512996,213507455,213482023
213507455	213492795,213507449,213512996
213507473	213507498,213502231
213507498	213502294,213507473,213507310
213507645	213486982
213507991	213437435
213508010	6325428685,213480664,213443669
213508098	213435839,213464808,213464082
213508586	10633061420
213508602	213520408,10633061420
213508672	213508693,213456405,213509404
213508693	213508672,213509404,213511966
213509404	213508672,213508693,213535033
213509783	213509798
213509798	213507379,213509783,213507407
213511823	213502604
213511963	213511966
213511966	213511963,213511992,213508693
213511992	213511966,213456408,213409924
213512136	213502550
213512175	213507310
213512516	213512516,213473442
213512909	213512912,213516833,213437402
213512912	977010248,213512909
213512996	213507449,213441373,213507455
213513071	213513078,213501171,213513088
213513078	213513071,213541074,213513088
213513088	213513071,213513078,213515636
213513769	213513949,213482185,213513971
213513949	213513971,213513968,213513769
213513968	213513971,213513949,213436718
213513971	213513949,213513769,213513968
213515636	213515670,213513088,213532081
213515670	213515636,213532081,213501169
213516833	213512909,213418913
213517161	213517172,213454748,213533079
213517172	213464578,213517161,213454760
213518184	213464033
213518192	213444425,213448460,213444455
213518231	213444425,213452938,213451315
213518875	213421003,213436703,213533315
213519449	213519467,213484943
213519467	213519449,213484956,213428105
213519777	213519810,213519807,213448475
213519807	213519777
213519810	213519777
213520408	213508602,213520434,213520497
213520434	213520486,213520408
213520486	213520497,213520434
213520497	213520486,213520408,213456408
213522581	213522581,213498711
213522772	213524377,213507120,213448390,5254593617
213522894	213440400
213523248	213437435,213435893
213523835	213535517,213523865
213523865	213523835
213524374	213524377
213524377	213522772,213524374,213486982
213525619	213525631,213494552,213426727
213525631	213507036,213525619,213468878
213528431	213472459,213411373,213506888
213530686	213530712,213505023,213505087,213468853
213530712	213481967,213530686,213505087
213531723	213502272
213532069	213501169,213501166
213532081	213448229,213515670,213515636
213532617	213469268
213533079	213533079,213517161
213533315	213436698,213484956,213518875,213484943
213534540	213502539
213535033	213456390,213509404,213481574
213535517	213523835,213535522,213433805
213535522	213535517,213435839,213469826
213536014	213536015,213494562,213545234
213536015	213536014
213536598	213481170
213539753	213440995,213500416,213450064
213540503	213464609,213417743,6208159050
213540558	213540558,6208159050
213540760	213540760,213470027
213541074	213513078
213541837	213489027
213542751	213481574,213474486,213464049
213545182	1300370306,213419628
213545234	213536014
213546776	213546776,213502275
213548868	213496609
213548952	213496609,213548952
213550443	213472558
213551978	213448490
213552201	213439230
213554396	213449675
213558866	213460159
213561146	213561146,213494745
213561204	213561231
213561231	213561259,213561204,213443663
213561259	213561231
213561753	213561753,4873078885
213562626	213410448
819447164	213410388,213460274,213454690
837158246	213433351,213469546,213482071
977010248	3007889049,213512912
1010920862	1010920879
1010920879	213443663,1010920862,5488957327
1043155196	1043155198,5408296161,213472459
1043155198	1804055808,1043155196
1045327807	1045328996,1045327973,1045328610
1045327973	1045328996,1045327807,1045328610
1045328301	213443700
1045328610	6340679122,213443695,1045327807,1045327973
1045328996	1045327973,213437797,1045327807
1046346819	1046346819,213473697
1236778545	213427118
1300370270	1300370326,213463244,213443687
1300370306	213545182,213460055
1300370316	213447472
1300370326	1300370270
1319459475	213484943,213436698,213432136
1752640234	213456390,10633061423,10720435347
1804055808	1043155198
2108342479	213441336
3007889024	3226665003
3007889049	3007889053,977010248,3007889051
3007889051	3007889049
3007889053	3007889049
3226665003	213443669,3007889024,213443682
3281285752	3281285752,213483664
3281285789	213448624,213478606,213483664
3572200196	213483688,3572200201
3572200201	3572200196,6760586242
4873078885	213561753,213507120
5092044791	213418913
5099726229	213450100,213483452,5099726230
5099726230	5099726229,5099726230
5254593617	213522772
5408203403	213443695
5408296161	1043155196
5423379465	213435851
5423379467	213469826
5423555291	5423555292,213435850,213435839
5423555292	5423555291
5482872957	213421003
5483045343	213464609,213464578,5483045345
5483045345	5483045343
5488957327	1010920879
5787912370	213447472
5954567443	5954567444,5954567446
5954567444	5954567443,5954567447
5954567445	5954567446,5954567444
5954567446	5954567445,213483452,5954567443
5954567447	213467860
6208113031	213473697
6208159050	213540558,213540503,6208159053
6208159053	6208159050
6325428685	213508010
6340679122	1045328610
6760586242	3572200201
8796625904	213441396,213441381,12343221604
8805442383	213428105,213413292
9471400882	213437430,9525512442,9471400883
9471400883	9525512443,9471400882,10186841081
9525511132	9525512442,9525512443
9525512442	9471400882,9525511132,9525512443
9525512443	9525511132,9471400883,9525512442
10174588138	213470027
10186841081	9471400883
10232014255	213463304
10633061420	213508586,213508602,213456405
10633061423	1752640234
10720435347	1752640234
11229742063	11229750268,213432248,213454738
11229750268	11229742063
12256928942	213470308
12310597302	213437402,213464193,213437404
12343221604	8796625904
12522698535	213468202,213468188
